27225379 
183616559 
105983919 
153798288 
167389066 
6912587 
156023754 
27276819 
72211685 
183723934 
151763063 
15034155 
171210643 
183687027 
148046537 
178482835
88893740 
156774660 
179320186 
153863893 
190418363 
145803618 
46258240 
52633402
7316661 
79073393 
181842938 
59958029 
128759320 
181611413
54853384 
149026992 
39148389 
156723442 
185777902 
125451180
46612084 
194535141 
27153414 
63371356 
196863716 
48210370 
27091780 
182578086 
136787721 
62704945 
21326177 
169408262 
118992002 
185895092 
188011714 
41494017 
59932250 
196063164 
189279271 
161052769 
13851398 
1747355 
167532009